0.186441 0.016949 0.559322 0.016949 0.220339 
0.147982 0.049327 0.390135 0.408072 0.004484 
0.253482 0.013928 0.431755 0.298050 0.002786 
0.375415 0.029900 0.355482 0.009967 0.229236 
0.652582 0.032864 0.117371 0.192488 0.004695 
0.083612 0.103679 0.484950 0.304348 0.023411 
0.003390 0.593220 0.294915 0.091525 0.016949 
0.003774 0.667925 0.003774 0.139623 0.184906 
0.130435 0.628458 0.003953 0.225296 0.011858 
0.474403 0.221843 0.017065 0.283276 0.003413 
0.004016 0.710843 0.012048 0.261044 0.012048 
0.002849 0.766382 0.059829 0.128205 0.042735 
0.379104 0.504478 0.020896 0.074627 0.020896 
0.492447 0.323263 0.099698 0.081571 0.003021 
0.244444 0.662222 0.004444 0.048889 0.040000 
0.174721 0.672862 0.011152 0.137546 0.003717 
0.379104 0.223881 0.092537 0.217910 0.086567 
0.159494 0.518987 0.194937 0.124051 0.002532 
0.192727 0.461818 0.301818 0.040000 0.003636 
0.136150 0.633803 0.032864 0.023474 0.173709 
0.017544 0.368421 0.017544 0.005848 0.590643 
0.006711 0.476510 0.006711 0.476510 0.033557 
0.002899 0.002899 0.014493 0.124638 0.855072 
0.027027 0.369369 0.009009 0.135135 0.459459 
0.016949 0.111864 0.037288 0.206780 0.627119 
0.058201 0.015873 0.015873 0.354497 0.555556 
0.190083 0.063361 0.041322 0.421488 0.283747 
0.409922 0.007833 0.185379 0.054830 0.342037 
0.105155 0.039175 0.290722 0.035052 0.529897 
0.444840 0.010676 0.010676 0.024911 0.508897 
0.004651 0.237209 0.004651 0.023256 0.730233 
0.068657 0.719403 0.020896 0.014925 0.176119 
0.015198 0.003040 0.009119 0.039514 0.933131 
0.128631 0.004149 0.062241 0.020747 0.784232 
0.483568 0.004695 0.183099 0.004695 0.323944 
0.014925 0.064677 0.004975 0.601990 0.313433 
0.023256 0.823256 0.004651 0.144186 0.004651 
0.011236 0.519101 0.141573 0.325843 0.002247 
0.002740 0.983562 0.002740 0.002740 0.008219 
0.004115 0.654321 0.004115 0.325103 0.012346 
0.021834 0.659389 0.144105 0.152838 0.021834 
0.177914 0.791411 0.006135 0.006135 0.018405 
0.006623 0.748344 0.019868 0.205298 0.019868 
0.016760 0.932961 0.039106 0.005587 0.005587 
0.080214 0.508021 0.069519 0.336898 0.005348 
0.004149 0.809129 0.161826 0.012448 0.012448 
0.024155 0.584541 0.004831 0.381643 0.004831 
0.033557 0.583893 0.060403 0.302013 0.020134 
0.004831 0.584541 0.024155 0.352657 0.033816 
0.003175 0.650794 0.009524 0.333333 0.003175 
0.824701 0.003984 0.147410 0.019920 0.003984 
0.604938 0.020576 0.209877 0.160494 0.004115 
0.120000 0.008000 0.104000 0.744000 0.024000 
0.655172 0.003831 0.180077 0.149425 0.011494 
0.741176 0.082353 0.003922 0.168627 0.003922 
0.862069 0.073892 0.014778 0.034483 0.014778 
0.512727 0.040000 0.010909 0.345455 0.090909 
0.101449 0.024155 0.487923 0.207729 0.178744 
0.018182 0.141818 0.498182 0.250909 0.090909 
0.036620 0.092958 0.814085 0.053521 0.002817 
0.016241 0.020882 0.457077 0.503480 0.002320 
0.004608 0.004608 0.437788 0.013825 0.539171 
0.224756 0.087948 0.667752 0.003257 0.016287 
0.009524 0.333333 0.085714 0.561905 0.009524 
0.012048 0.148594 0.004016 0.004016 0.831325 
0.875862 0.006897 0.006897 0.103448 0.006897 
0.004149 0.253112 0.095436 0.543568 0.103734 
0.100671 0.172260 0.078300 0.628635 0.020134 
0.178378 0.005405 0.005405 0.610811 0.200000 
0.136000 0.072000 0.072000 0.712000 0.008000 
0.125364 0.236152 0.037901 0.311953 0.288630 
0.414141 0.030303 0.003367 0.292929 0.259259 
0.010989 0.340659 0.010989 0.450549 0.186813 
0.027888 0.003984 0.011952 0.713147 0.243028 
0.005464 0.147541 0.060109 0.508197 0.278689 
0.134328 0.094527 0.004975 0.751244 0.014925 
0.228758 0.019608 0.006536 0.738562 0.006536 
0.233831 0.114428 0.014925 0.104478 0.532338 
0.043478 0.051383 0.185771 0.675889 0.043478 
0.055838 0.228426 0.005076 0.705584 0.005076 
0.198068 0.130435 0.014493 0.603865 0.053140 
0.051429 0.211429 0.040000 0.508571 0.188571 
0.085995 0.179361 0.012285 0.621622 0.100737 
0.266332 0.507538 0.005025 0.216080 0.005025 
0.025455 0.687273 0.003636 0.018182 0.265455 
0.296089 0.217877 0.005587 0.474860 0.005587 
0.030675 0.680982 0.251534 0.018405 0.018405 
0.004484 0.004484 0.004484 0.982063 0.004484 
0.097493 0.086351 0.030641 0.782730 0.002786 
0.030043 0.012876 0.124464 0.828326 0.004292 
0.004608 0.004608 0.041475 0.944700 0.004608 
0.045267 0.061728 0.004115 0.860082 0.028807 
0.201365 0.044369 0.017065 0.733788 0.003413 
0.198068 0.053140 0.024155 0.661836 0.062802 
0.165957 0.038298 0.004255 0.787234 0.004255 
0.008403 0.378151 0.008403 0.596639 0.008403 
0.009174 0.155963 0.009174 0.779817 0.045872 
0.019355 0.122581 0.032258 0.819355 0.006452 
0.088949 0.654987 0.051213 0.126685 0.078167 
0.014675 0.094340 0.002096 0.039832 0.849057 
0.004651 0.841860 0.041860 0.097674 0.013953 
0.856354 0.005525 0.027624 0.093923 0.016575 
0.361050 0.474836 0.054705 0.089716 0.019694 
0.529412 0.363322 0.017301 0.017301 0.072664 
0.004082 0.518367 0.012245 0.061224 0.404082 
0.111748 0.776504 0.014327 0.048711 0.048711 
0.601329 0.308970 0.029900 0.036545 0.023256 
0.017722 0.037975 0.848101 0.093671 0.002532 
0.021277 0.588652 0.007092 0.361702 0.021277 
0.288889 0.047619 0.085714 0.085714 0.492063 
0.107570 0.011952 0.011952 0.274900 0.593625 
0.769384 0.001988 0.089463 0.093439 0.045726 
0.216931 0.026455 0.735450 0.005291 0.015873 
0.339806 0.042071 0.003236 0.126214 0.488673 
0.193651 0.453968 0.066667 0.123810 0.161905 
0.769585 0.096774 0.096774 0.023041 0.013825 
0.656676 0.297003 0.024523 0.013624 0.008174 
0.218659 0.049563 0.078717 0.002915 0.650146 
0.586207 0.004926 0.024631 0.379310 0.004926 
0.003077 0.630769 0.003077 0.353846 0.009231 
0.177866 0.367589 0.003953 0.027668 0.422925 
0.012876 0.004292 0.004292 0.974249 0.004292 
0.021097 0.215190 0.012658 0.451477 0.299578 
0.027888 0.011952 0.011952 0.561753 0.386454 
0.792746 0.005181 0.015544 0.181347 0.005181 
0.087108 0.010453 0.010453 0.282230 0.609756 
0.653543 0.007874 0.023622 0.307087 0.007874 
0.457627 0.046005 0.007264 0.486683 0.002421 
0.683168 0.009901 0.168317 0.003300 0.135314 
0.723502 0.013825 0.170507 0.087558 0.004608 
0.005848 0.064327 0.157895 0.754386 0.017544 
0.729231 0.150769 0.003077 0.107692 0.009231 
0.308411 0.352025 0.003115 0.333333 0.003115 
0.838596 0.038596 0.003509 0.010526 0.108772 
0.675676 0.173745 0.003861 0.034749 0.111969 
0.777126 0.020528 0.067449 0.002933 0.131965 
0.014925 0.104478 0.004975 0.870647 0.004975 
0.005348 0.037433 0.326203 0.604278 0.026738 
0.071186 0.010169 0.030508 0.877966 0.010169 
0.004739 0.023697 0.004739 0.952607 0.014218 
0.006452 0.019355 0.006452 0.961290 0.006452 
0.118012 0.279503 0.142857 0.416149 0.043478 
0.160350 0.002915 0.002915 0.801749 0.032070 
0.005181 0.098446 0.015544 0.875648 0.005181 
0.075145 0.063584 0.028902 0.815029 0.017341 
0.002481 0.052109 0.032258 0.910670 0.002481 
0.003717 0.011152 0.040892 0.940520 0.003717 
0.051793 0.290837 0.035857 0.609562 0.011952 
0.034483 0.144828 0.062069 0.724138 0.034483 
0.163636 0.003636 0.003636 0.803636 0.025455 
0.132948 0.329480 0.098266 0.433526 0.005780 
0.018550 0.008432 0.001686 0.021922 0.949410 
0.111111 0.070707 0.070707 0.696970 0.050505 
0.029178 0.002653 0.108753 0.114058 0.745358 
0.001770 0.005310 0.005310 0.058407 0.929204 
0.002257 0.002257 0.042889 0.056433 0.896163 
0.020716 0.001883 0.028249 0.114878 0.834275 
0.002037 0.067210 0.079430 0.254582 0.596741 
0.002445 0.026895 0.007335 0.046455 0.916870 
0.003745 0.220974 0.003745 0.018727 0.752809 
0.006316 0.018947 0.115789 0.010526 0.848421 
0.017812 0.083969 0.012723 0.002545 0.882952 
0.021097 0.021097 0.004219 0.316456 0.637131 
0.292035 0.026549 0.097345 0.575221 0.008850 
0.005336 0.007471 0.028815 0.011740 0.946638 
0.001456 0.126638 0.001456 0.042213 0.828239 
0.001972 0.143984 0.005917 0.017751 0.830375 
0.078471 0.050302 0.002012 0.235412 0.633803 
0.059952 0.021583 0.002398 0.002398 0.913669 
0.004525 0.013575 0.022624 0.131222 0.828054 
0.012594 0.022670 0.002519 0.259446 0.702771 
0.002445 0.012225 0.007335 0.085575 0.892421 
0.207547 0.547170 0.018868 0.018868 0.207547 
0.081481 0.007407 0.007407 0.896296 0.007407 
0.002817 0.002817 0.002817 0.943662 0.047887 
0.009174 0.027523 0.027523 0.926606 0.009174 
0.014218 0.004739 0.042654 0.914692 0.023697 
0.038760 0.131783 0.007752 0.798450 0.023256 
0.041096 0.068493 0.013699 0.863014 0.013699 
0.003610 0.003610 0.010830 0.942238 0.039711 
0.010526 0.010526 0.094737 0.873684 0.010526 
0.031579 0.031579 0.010526 0.894737 0.031579 
0.253731 0.140299 0.014925 0.570149 0.020896 
0.031056 0.006211 0.055901 0.850932 0.055901 
0.037657 0.087866 0.029289 0.824268 0.020921 
0.148459 0.058824 0.238095 0.266106 0.288515 
0.002398 0.621103 0.016787 0.179856 0.179856 
0.468144 0.340720 0.030471 0.074792 0.085873 
0.003717 0.576208 0.092937 0.011152 0.315985 
0.047619 0.896104 0.012987 0.004329 0.038961 
0.244813 0.253112 0.070539 0.427386 0.004149 
0.002899 0.785507 0.031884 0.118841 0.060870 
0.262840 0.262840 0.051360 0.033233 0.389728 
0.002817 0.183099 0.002817 0.036620 0.774648 
0.148936 0.063830 0.659574 0.021277 0.106383 
0.248555 0.063584 0.005780 0.583815 0.098266 
0.085911 0.718213 0.010309 0.079038 0.106529 
0.006536 0.032680 0.019608 0.856209 0.084967 
0.298578 0.364929 0.004739 0.308057 0.023697 
0.351171 0.183946 0.003344 0.371237 0.090301 
0.161290 0.281106 0.004608 0.529954 0.023041 
0.109948 0.078534 0.696335 0.005236 0.109948 
0.021277 0.063830 0.829787 0.063830 0.021277 
0.215686 0.176471 0.568627 0.019608 0.019608 
0.168317 0.009901 0.683168 0.128713 0.009901 
0.071895 0.006536 0.738562 0.176471 0.006536 
0.115044 0.026549 0.734513 0.115044 0.008850 
0.530516 0.004695 0.286385 0.004695 0.173709 
0.120000 0.040000 0.760000 0.017143 0.062857 
0.004566 0.132420 0.022831 0.698630 0.141553 
0.049645 0.049645 0.021277 0.872340 0.007092 
0.051643 0.089202 0.032864 0.737089 0.089202 
0.004739 0.071090 0.071090 0.838863 0.014218 
0.015075 0.185930 0.005025 0.788945 0.005025 
0.006565 0.059081 0.024070 0.881838 0.028446 
0.005525 0.138122 0.005525 0.845304 0.005525 
0.030675 0.141104 0.079755 0.705521 0.042945 
0.048649 0.329730 0.016216 0.567568 0.037838 
0.072386 0.158177 0.560322 0.168901 0.040214 
0.518672 0.128631 0.012448 0.294606 0.045643 
0.278049 0.307317 0.063415 0.219512 0.131707 
0.340206 0.010309 0.608247 0.030928 0.010309 
0.102703 0.005405 0.794595 0.027027 0.070270 
0.015385 0.015385 0.938462 0.015385 0.015385 
0.875300 0.083933 0.002398 0.026379 0.011990 
0.798271 0.037464 0.054755 0.002882 0.106628 
0.866171 0.063197 0.048327 0.011152 0.011152 
0.907121 0.015480 0.071207 0.003096 0.003096 
0.480315 0.265092 0.112861 0.055118 0.086614 
0.771772 0.021021 0.033033 0.111111 0.063063 
0.165775 0.016043 0.005348 0.711230 0.101604 
0.381818 0.047273 0.040000 0.476364 0.054545 
0.450425 0.133144 0.014164 0.354108 0.048159 
0.046809 0.004255 0.140426 0.514894 0.293617 
0.940503 0.002288 0.016018 0.002288 0.038902 
0.805907 0.012658 0.164557 0.012658 0.004219 
0.846154 0.065089 0.053254 0.017751 0.017751 
0.807531 0.004184 0.179916 0.004184 0.004184 
0.861575 0.054893 0.016706 0.011933 0.054893 
0.578692 0.002421 0.292978 0.060533 0.065375 
0.600000 0.005405 0.081081 0.297297 0.016216 
0.394659 0.133531 0.008902 0.448071 0.014837 
0.534884 0.063123 0.375415 0.023256 0.003322 
0.577143 0.005714 0.394286 0.017143 0.005714 
0.090343 0.090343 0.015576 0.694704 0.109034 
0.182320 0.005525 0.016575 0.591160 0.204420 
0.097143 0.017143 0.245714 0.638095 0.001905 
0.558442 0.012987 0.402597 0.012987 0.012987 
0.212121 0.050505 0.676768 0.010101 0.050505 
0.552239 0.194030 0.223881 0.014925 0.014925 
0.561644 0.013699 0.369863 0.041096 0.013699 
0.398374 0.056911 0.447154 0.040650 0.056911 
0.005181 0.461140 0.005181 0.481865 0.046632 
0.435294 0.082353 0.458824 0.011765 0.011765 
0.956989 0.015054 0.006452 0.019355 0.002151 
0.727626 0.003891 0.097276 0.003891 0.167315 
0.967655 0.018868 0.008086 0.002695 0.002695 
0.852495 0.036876 0.097614 0.002169 0.010846 
0.712230 0.016787 0.007194 0.175060 0.088729 
0.712737 0.018970 0.181572 0.035230 0.051491 
0.498471 0.094801 0.058104 0.333333 0.015291 
0.467577 0.139932 0.010239 0.153584 0.228669 
0.742574 0.161716 0.003300 0.009901 0.082508 
0.037657 0.673640 0.029289 0.221757 0.037657 
0.876221 0.016287 0.003257 0.042345 0.061889 
0.616000 0.029333 0.125333 0.216000 0.013333 
0.826367 0.016077 0.003215 0.016077 0.138264 
0.854251 0.012146 0.004049 0.085020 0.044534 
0.049774 0.004525 0.809955 0.113122 0.022624 
0.486381 0.003891 0.501946 0.003891 0.003891 
0.003861 0.034749 0.922780 0.034749 0.003861 
0.064439 0.011933 0.894988 0.007160 0.021480 
0.033138 0.037037 0.925926 0.001949 0.001949 
0.303644 0.004049 0.676113 0.004049 0.012146 
0.280788 0.044335 0.034483 0.064039 0.576355 
0.563319 0.004367 0.414847 0.004367 0.013100 
0.451852 0.007407 0.511111 0.007407 0.022222 
0.936102 0.003195 0.009585 0.035144 0.015974 
0.371429 0.337143 0.051429 0.177143 0.062857 
0.918987 0.007595 0.032911 0.027848 0.012658 
0.531157 0.026706 0.370920 0.050445 0.020772 
0.234421 0.370920 0.008902 0.359050 0.026706 
0.175644 0.063232 0.007026 0.747073 0.007026 
0.542416 0.053985 0.095116 0.295630 0.012853 
0.176080 0.003322 0.029900 0.787375 0.003322 
0.045317 0.697885 0.003021 0.238671 0.015106 
0.339207 0.559471 0.030837 0.004405 0.066079 
0.004016 0.116466 0.020080 0.317269 0.542169 
0.571930 0.129825 0.178947 0.003509 0.115789 
0.478673 0.080569 0.004739 0.014218 0.421801 
0.004049 0.165992 0.004049 0.036437 0.789474 
0.008955 0.791045 0.008955 0.188060 0.002985 
0.625866 0.020785 0.256351 0.085450 0.011547 
0.045643 0.103734 0.103734 0.344398 0.402490 
0.356828 0.004405 0.039648 0.550661 0.048458 
0.056716 0.032836 0.008955 0.898507 0.002985 
0.076923 0.140271 0.004525 0.773756 0.004525 
0.249169 0.089701 0.089701 0.142857 0.428571 
0.415205 0.005848 0.017544 0.555556 0.005848 
0.511202 0.002037 0.242363 0.230143 0.014257 
0.235387 0.011058 0.090047 0.570300 0.093207 
0.082126 0.014493 0.014493 0.845411 0.043478 
0.872832 0.028902 0.017341 0.063584 0.017341 
0.019108 0.006369 0.108280 0.783439 0.082803 
0.827338 0.035971 0.007194 0.107914 0.021583 
0.021583 0.165468 0.007194 0.654676 0.151079 
0.101604 0.229947 0.069519 0.443850 0.155080 
0.011494 0.586207 0.011494 0.356322 0.034483 
0.149864 0.002725 0.111717 0.700272 0.035422 
0.242604 0.100592 0.017751 0.633136 0.005917 
0.111111 0.201646 0.037037 0.506173 0.144033 
0.341040 0.144509 0.121387 0.341040 0.052023 
0.027933 0.005587 0.016760 0.944134 0.005587 
0.215190 0.016275 0.088608 0.678119 0.001808 
0.717647 0.011765 0.176471 0.082353 0.011765 
0.019355 0.006452 0.174194 0.754839 0.045161 
0.156463 0.061224 0.006803 0.768707 0.006803 
0.447853 0.276074 0.263804 0.006135 0.006135 
0.007092 0.021277 0.021277 0.645390 0.304965 
0.844156 0.038961 0.099567 0.012987 0.004329 
0.396648 0.217877 0.340782 0.027933 0.016760 
0.528662 0.159236 0.273885 0.019108 0.019108 
0.004115 0.506173 0.061728 0.415638 0.012346 
0.005236 0.403141 0.005236 0.560209 0.026178 
0.559471 0.004405 0.039648 0.295154 0.101322 
0.692964 0.002132 0.010661 0.181237 0.113006 
0.005291 0.248677 0.058201 0.460317 0.227513 
0.037037 0.596708 0.111111 0.209877 0.045267 
0.028902 0.005780 0.815029 0.005780 0.144509 
0.004367 0.004367 0.021834 0.947598 0.021834 
0.030675 0.411043 0.092025 0.006135 0.460123 
0.098592 0.014085 0.661972 0.183099 0.042254 
0.002141 0.460385 0.002141 0.319058 0.216274 
0.006834 0.585421 0.002278 0.216401 0.189066 
0.002985 0.056716 0.325373 0.319403 0.295522 
0.111111 0.586207 0.003831 0.264368 0.034483 
0.592233 0.320388 0.009709 0.009709 0.067961 
0.711375 0.202037 0.022071 0.062818 0.001698 
0.092683 0.102439 0.775610 0.014634 0.014634 
0.009901 0.009901 0.920792 0.049505 0.009901 
0.197605 0.005988 0.676647 0.065868 0.053892 
0.004184 0.430962 0.004184 0.556485 0.004184 
0.040650 0.008130 0.886179 0.024390 0.040650 
0.132075 0.003774 0.094340 0.766038 0.003774 
0.019763 0.146245 0.011858 0.810277 0.011858 
0.005348 0.155080 0.037433 0.796791 0.005348 
0.823789 0.022026 0.145374 0.004405 0.004405 
0.808765 0.131474 0.003984 0.027888 0.027888 
0.597190 0.016393 0.203747 0.025761 0.156909 
0.496881 0.147609 0.189189 0.018711 0.147609 
0.626374 0.186813 0.062271 0.018315 0.106227 
0.790941 0.073171 0.108014 0.010453 0.017422 
0.156550 0.329073 0.009585 0.348243 0.156550 
0.541573 0.002247 0.411236 0.002247 0.042697 
0.257143 0.028571 0.580952 0.047619 0.085714 
0.300971 0.009709 0.495146 0.048544 0.145631 
0.010526 0.157895 0.726316 0.010526 0.094737 
0.015873 0.174603 0.798942 0.005291 0.005291 
0.435897 0.025641 0.487179 0.025641 0.025641 
0.580247 0.037037 0.185185 0.135802 0.061728 
0.003831 0.011494 0.072797 0.908046 0.003831 
0.134021 0.010309 0.773196 0.072165 0.010309 
0.488372 0.007752 0.426357 0.007752 0.069767 
0.021898 0.007299 0.956204 0.007299 0.007299 
0.038961 0.012987 0.012987 0.688312 0.246753 
0.004739 0.004739 0.023697 0.962085 0.004739 
0.026706 0.002967 0.002967 0.958457 0.008902 
0.007752 0.007752 0.007752 0.922481 0.054264 
0.013333 0.013333 0.013333 0.946667 0.013333 
0.003745 0.003745 0.018727 0.970037 0.003745 
0.050360 0.007194 0.007194 0.798561 0.136691 
0.029024 0.757256 0.007916 0.182058 0.023747 
0.004975 0.004975 0.034826 0.940299 0.014925 
0.821012 0.120623 0.027237 0.027237 0.003891 
0.686007 0.064846 0.221843 0.017065 0.010239 
0.086093 0.178808 0.006623 0.311258 0.417219 
0.186312 0.163498 0.125475 0.011407 0.513308 
0.019305 0.135135 0.019305 0.328185 0.498069 
0.022901 0.343511 0.083969 0.007634 0.541985 
0.063712 0.041551 0.002770 0.346260 0.545706 
0.087087 0.015015 0.027027 0.321321 0.549550 
0.040293 0.018315 0.047619 0.765568 0.128205 
0.007874 0.385827 0.070866 0.433071 0.102362 
0.050746 0.092537 0.002985 0.014925 0.838806 
0.002755 0.118457 0.002755 0.426997 0.449036 
0.002865 0.449857 0.014327 0.151862 0.381089 
0.251462 0.005848 0.005848 0.286550 0.450292 
0.708738 0.255663 0.022654 0.003236 0.009709 
0.268722 0.365639 0.004405 0.101322 0.259912 
0.003690 0.372694 0.188192 0.306273 0.129151 
0.895197 0.013100 0.048035 0.039301 0.004367 
0.127273 0.701818 0.120000 0.003636 0.047273 
0.136095 0.360947 0.005917 0.420118 0.076923 
0.004484 0.210762 0.013453 0.739910 0.031390 
0.054852 0.772152 0.063291 0.004219 0.105485 
0.783198 0.149051 0.062331 0.002710 0.002710 
0.070254 0.512706 0.378176 0.025411 0.013453 
0.579336 0.261993 0.025830 0.121771 0.011070 
0.138462 0.421538 0.015385 0.421538 0.003077 
0.576375 0.042770 0.038697 0.323829 0.018330 
0.481229 0.303754 0.003413 0.078498 0.133106 
0.309417 0.004484 0.533632 0.004484 0.147982 
0.244713 0.105740 0.492447 0.003021 0.154079 
0.803774 0.011321 0.003774 0.094340 0.086792 
0.060172 0.575931 0.008596 0.272206 0.083095 
0.821727 0.069638 0.036212 0.025070 0.047354 
0.442424 0.042424 0.054545 0.103030 0.357576 
0.913043 0.051383 0.003953 0.027668 0.003953 
0.943925 0.003115 0.034268 0.015576 0.003115 
0.482587 0.064677 0.283582 0.104478 0.064677 
0.637969 0.028698 0.006623 0.006623 0.320088 
0.924198 0.014577 0.043732 0.014577 0.002915 
0.826972 0.012723 0.094148 0.022901 0.043257 
0.584416 0.212121 0.186147 0.012987 0.004329 
0.442379 0.130112 0.420074 0.003717 0.003717 
0.016949 0.532203 0.125424 0.003390 0.322034 
0.087533 0.002653 0.002653 0.358090 0.549072 
0.080780 0.030641 0.130919 0.493036 0.264624 
0.561201 0.011547 0.011547 0.334873 0.080831 
0.835694 0.008499 0.002833 0.059490 0.093484 
0.853821 0.016611 0.036545 0.076412 0.016611 
0.824561 0.003509 0.038596 0.003509 0.129825 
0.050505 0.090909 0.818182 0.030303 0.010101 
0.221818 0.010909 0.760000 0.003636 0.003636 
0.046070 0.799458 0.078591 0.035230 0.040650 
0.149701 0.077844 0.748503 0.005988 0.017964 
0.420118 0.005917 0.502959 0.029586 0.041420 
0.061889 0.016287 0.843648 0.016287 0.061889 
0.252747 0.040293 0.648352 0.040293 0.018315 
0.137546 0.003717 0.732342 0.122677 0.003717 
0.020057 0.037249 0.868195 0.037249 0.037249 
0.527697 0.177843 0.037901 0.014577 0.241983 
0.491525 0.003390 0.023729 0.396610 0.084746 
0.283582 0.014925 0.432836 0.164179 0.104478 
0.034146 0.678049 0.004878 0.170732 0.112195 
0.002770 0.252078 0.069252 0.052632 0.623269 
0.018868 0.018868 0.886792 0.056604 0.018868 
0.085714 0.028571 0.771429 0.085714 0.028571 
0.011236 0.033708 0.865169 0.011236 0.078652 
0.058824 0.011765 0.858824 0.058824 0.011765 
0.009524 0.047619 0.733333 0.085714 0.123810 
0.558011 0.116022 0.226519 0.038674 0.060773 
0.225296 0.075099 0.675889 0.019763 0.003953 
0.088803 0.057915 0.752896 0.050193 0.050193 
0.116809 0.299145 0.019943 0.048433 0.515670 
0.245283 0.002695 0.730458 0.013477 0.008086 
0.352025 0.015576 0.626168 0.003115 0.003115 
0.341772 0.012658 0.451477 0.021097 0.172996 
0.492228 0.005181 0.430052 0.046632 0.025907 
0.196653 0.054393 0.740586 0.004184 0.004184 
0.003953 0.035573 0.920949 0.035573 0.003953 
0.134247 0.002740 0.802740 0.008219 0.052055 
0.042017 0.002801 0.887955 0.064426 0.002801 
0.088339 0.003534 0.844523 0.010601 0.053004 
0.112840 0.027237 0.782101 0.027237 0.050584 
0.010676 0.886121 0.003559 0.010676 0.088968 
0.022333 0.002481 0.920596 0.012407 0.042184 
0.255385 0.003077 0.661538 0.003077 0.076923 
0.285024 0.014493 0.632850 0.014493 0.053140 
0.067669 0.012531 0.779449 0.122807 0.017544 
0.067358 0.005181 0.740933 0.139896 0.046632 
0.263682 0.014925 0.711443 0.004975 0.004975 
0.257919 0.049774 0.592760 0.004525 0.095023 
0.457227 0.067847 0.427729 0.002950 0.044248 
0.028037 0.028037 0.925234 0.009346 0.009346 
0.005348 0.005348 0.721925 0.080214 0.187166 
0.212670 0.076923 0.013575 0.040724 0.656109 
0.020979 0.006993 0.902098 0.062937 0.006993 
0.153439 0.005291 0.830688 0.005291 0.005291 
0.287958 0.015707 0.602094 0.005236 0.089005 
0.165644 0.006135 0.644172 0.141104 0.042945 
0.131707 0.629268 0.004878 0.004878 0.229268 
0.025641 0.806268 0.002849 0.025641 0.139601 
0.017456 0.007481 0.012469 0.082294 0.880299 
0.057269 0.550661 0.004405 0.198238 0.189427 
0.007752 0.007752 0.002584 0.012920 0.968992 
0.107492 0.153094 0.009772 0.296417 0.433225 
0.057592 0.172775 0.256545 0.005236 0.507853 
0.117904 0.344978 0.388646 0.004367 0.144105 
0.595402 0.002299 0.075862 0.314943 0.011494 
0.300310 0.003096 0.399381 0.269350 0.027864 
0.475113 0.013575 0.312217 0.167421 0.031674 
0.709251 0.004405 0.268722 0.004405 0.013216 
0.198068 0.130435 0.352657 0.275362 0.043478 
0.673981 0.003135 0.235110 0.084639 0.003135 
0.741935 0.038123 0.167155 0.026393 0.026393 
0.342995 0.004831 0.053140 0.545894 0.053140 
0.062069 0.011494 0.885057 0.034483 0.006897 
0.625378 0.111782 0.190332 0.063444 0.009063 
0.147287 0.054264 0.751938 0.038760 0.007752 
0.520661 0.024793 0.338843 0.057851 0.057851 
0.118971 0.028939 0.807074 0.041801 0.003215 
0.347368 0.003509 0.600000 0.045614 0.003509 
0.074627 0.014925 0.761194 0.134328 0.014925 
0.368421 0.017544 0.578947 0.017544 0.017544 
0.005236 0.319372 0.005236 0.602094 0.068063 
0.003690 0.535055 0.055351 0.402214 0.003690 
0.009585 0.533546 0.054313 0.348243 0.054313 
0.836257 0.040936 0.111111 0.005848 0.005848 
0.036304 0.458746 0.003300 0.267327 0.234323 
0.005076 0.218274 0.035533 0.472081 0.269036 
0.022951 0.560656 0.003279 0.108197 0.304918 
0.171504 0.013193 0.023747 0.788918 0.002639 
0.314943 0.020690 0.002299 0.659770 0.002299 
0.352313 0.060498 0.032028 0.551601 0.003559 
0.113300 0.004926 0.014778 0.182266 0.684729 
0.120879 0.054945 0.714286 0.054945 0.054945 
0.179487 0.040293 0.772894 0.003663 0.003663 
0.351724 0.006897 0.600000 0.006897 0.034483 
0.494505 0.054945 0.252747 0.076923 0.120879 
0.070968 0.006452 0.806452 0.006452 0.109677 
0.306122 0.047619 0.551020 0.006803 0.088435 
0.003344 0.190635 0.050167 0.010033 0.745819 
0.154519 0.521866 0.072886 0.026239 0.224490 
0.056604 0.277628 0.018868 0.008086 0.638814 
0.057627 0.179661 0.206780 0.037288 0.518644 
0.364548 0.003344 0.183946 0.003344 0.444816 
0.635783 0.130990 0.207668 0.022364 0.003195 
0.057357 0.137157 0.551122 0.067332 0.187032 
0.185012 0.002342 0.138173 0.053864 0.620609 
0.007299 0.007299 0.284672 0.678832 0.021898 
0.661130 0.222591 0.069767 0.016611 0.029900 
0.041801 0.067524 0.549839 0.003215 0.337621 
0.034014 0.156463 0.006803 0.782313 0.020408 
0.794872 0.010989 0.003663 0.098901 0.091575 
0.004115 0.028807 0.358025 0.456790 0.152263 
0.258160 0.020772 0.299703 0.008902 0.412463 
0.003436 0.017182 0.202749 0.085911 0.690722 
0.076364 0.003636 0.301818 0.003636 0.614545 
0.007833 0.002611 0.665796 0.018277 0.305483 
0.040650 0.002710 0.647696 0.029810 0.279133 
0.017751 0.017751 0.017751 0.940828 0.005917 
0.062035 0.007444 0.632754 0.002481 0.295285 
0.113978 0.002151 0.363441 0.006452 0.513978 
0.002532 0.002532 0.665823 0.129114 0.200000 
0.063830 0.033435 0.775076 0.003040 0.124620 
0.074627 0.014925 0.880597 0.014925 0.014925 
0.417219 0.099338 0.403974 0.006623 0.072848 
0.128205 0.025641 0.794872 0.025641 0.025641 
0.732620 0.016043 0.240642 0.005348 0.005348 
0.228758 0.006536 0.607843 0.124183 0.032680 
0.397924 0.307958 0.217993 0.017301 0.058824 
0.339535 0.302326 0.079070 0.227907 0.051163 
0.005650 0.016949 0.016949 0.898305 0.062147 
0.529716 0.002584 0.431525 0.007752 0.028424 
0.426621 0.221843 0.139932 0.119454 0.092150 
0.383051 0.050847 0.518644 0.023729 0.023729 
0.605634 0.201878 0.173709 0.014085 0.004695 
0.719870 0.042345 0.231270 0.003257 0.003257 
0.486034 0.094972 0.351955 0.005587 0.061453 
0.524664 0.022422 0.443946 0.004484 0.004484 
0.422969 0.159664 0.406162 0.008403 0.002801 
0.044674 0.044674 0.731959 0.024055 0.154639 
0.072340 0.208511 0.021277 0.651064 0.046809 
0.616236 0.011070 0.011070 0.357934 0.003690 
0.007444 0.091811 0.002481 0.607940 0.290323 
0.029703 0.128713 0.049505 0.762376 0.029703 
0.061728 0.135802 0.234568 0.530864 0.037037 
0.052632 0.094737 0.010526 0.578947 0.263158 
0.004184 0.037657 0.188285 0.589958 0.179916 
0.003322 0.023256 0.003322 0.594684 0.375415 
0.041916 0.041916 0.005988 0.904192 0.005988 
0.026820 0.026820 0.026820 0.915709 0.003831 
0.028571 0.061224 0.093878 0.804082 0.012245 
0.003436 0.154639 0.003436 0.690722 0.147766 
0.094972 0.016760 0.128492 0.754190 0.005587 
0.003690 0.018450 0.003690 0.948339 0.025830 
0.013928 0.019499 0.013928 0.949861 0.002786 
0.190083 0.074380 0.603306 0.008264 0.123967 
0.501134 0.002268 0.006803 0.446712 0.043084 
0.322129 0.092437 0.535014 0.030812 0.019608 
0.329377 0.068249 0.275964 0.323442 0.002967 
0.271071 0.580866 0.011390 0.134396 0.002278 
0.582938 0.336493 0.004739 0.071090 0.004739 
0.802532 0.032911 0.022785 0.007595 0.134177 
0.017422 0.470383 0.010453 0.498258 0.003484 
0.185185 0.007407 0.022222 0.570370 0.214815 
0.005348 0.700535 0.048128 0.208556 0.037433 
0.008547 0.008547 0.008547 0.948718 0.025641 
0.007092 0.021277 0.007092 0.900709 0.063830 
0.039443 0.879350 0.016241 0.006961 0.058005 
0.012048 0.773494 0.007229 0.079518 0.127711 
0.014085 0.323944 0.408451 0.042254 0.211268 
0.773585 0.064151 0.026415 0.003774 0.132075 
0.313433 0.002985 0.635821 0.020896 0.026866 
0.639913 0.058568 0.067245 0.232104 0.002169 
0.006289 0.031447 0.081761 0.836478 0.044025 
0.420765 0.038251 0.016393 0.519126 0.005464 
0.006012 0.086172 0.002004 0.539078 0.366733 
0.037975 0.341772 0.544304 0.037975 0.037975 
0.626459 0.097276 0.182879 0.003891 0.089494 
0.157895 0.052632 0.705263 0.031579 0.052632 
0.398601 0.034965 0.468531 0.048951 0.048951 
0.031847 0.426752 0.108280 0.426752 0.006369 
0.023622 0.165354 0.007874 0.779528 0.023622 
0.033816 0.130435 0.014493 0.816425 0.004831 
0.008547 0.162393 0.025641 0.794872 0.008547 
0.004082 0.061224 0.036735 0.820408 0.077551 
0.141066 0.184953 0.003135 0.667712 0.003135 
0.004405 0.083700 0.004405 0.832599 0.074890 
0.030568 0.065502 0.004367 0.895197 0.004367 
0.005525 0.116022 0.005525 0.856354 0.016575 
0.012987 0.437229 0.004329 0.541126 0.004329 
0.049057 0.026415 0.071698 0.849057 0.003774 
0.038760 0.007752 0.038760 0.736434 0.178295 
0.008130 0.008130 0.008130 0.934959 0.040650 
0.005650 0.005650 0.005650 0.977401 0.005650 
0.005848 0.005848 0.005848 0.964912 0.017544 
0.017544 0.040936 0.029240 0.906433 0.005848 
0.795918 0.020408 0.006803 0.102041 0.074830 
0.026087 0.321739 0.095652 0.547826 0.008696 
0.179856 0.007194 0.007194 0.798561 0.007194 
0.014218 0.042654 0.014218 0.914692 0.014218 
0.068063 0.026178 0.015707 0.727749 0.162304 
0.043478 0.008696 0.008696 0.913043 0.026087 
0.032967 0.120879 0.010989 0.494505 0.340659 
0.007874 0.007874 0.007874 0.921260 0.055118 
0.010101 0.151515 0.030303 0.737374 0.070707 
0.510730 0.055794 0.339056 0.090129 0.004292 
0.672956 0.169811 0.044025 0.018868 0.094340 
0.098976 0.058020 0.003413 0.037543 0.802048 
0.017143 0.337143 0.200000 0.360000 0.085714 
0.241830 0.124183 0.263617 0.032680 0.337691 
0.019868 0.019868 0.046358 0.907285 0.006623 
0.192982 0.017544 0.614035 0.157895 0.017544 
0.028571 0.085714 0.828571 0.028571 0.028571 
0.261972 0.521127 0.002817 0.200000 0.014085 
0.057471 0.149425 0.701149 0.011494 0.080460 
0.200000 0.066667 0.688889 0.022222 0.022222 
0.135135 0.027027 0.783784 0.027027 0.027027 
0.492537 0.014925 0.432836 0.044776 0.014925 
0.569892 0.010753 0.025090 0.362007 0.032258 
0.155556 0.022222 0.733333 0.066667 0.022222 
0.007752 0.038760 0.023256 0.736434 0.193798 
0.003802 0.064639 0.003802 0.802281 0.125475 
0.006061 0.006061 0.006061 0.696970 0.284848 
0.024155 0.004831 0.014493 0.700483 0.256039 
0.032258 0.105991 0.004608 0.852535 0.004608 
0.014925 0.014925 0.004975 0.860697 0.104478 
0.389961 0.166023 0.003861 0.359073 0.081081 
0.425178 0.068884 0.420428 0.064133 0.021378 
0.185751 0.048346 0.043257 0.720102 0.002545 
0.440613 0.187739 0.088123 0.279693 0.003831 
0.432099 0.012346 0.382716 0.135802 0.037037 
0.615142 0.116719 0.041009 0.041009 0.186120 
0.433962 0.018868 0.081761 0.358491 0.106918 
0.740864 0.009967 0.242525 0.003322 0.003322 
0.425743 0.075908 0.009901 0.485149 0.003300 
0.656637 0.015929 0.122124 0.196460 0.008850 
0.278515 0.007958 0.050398 0.660477 0.002653 
0.525773 0.072165 0.017182 0.381443 0.003436 
0.360731 0.360731 0.004566 0.214612 0.059361 
0.121019 0.426752 0.006369 0.439490 0.006369 
0.192661 0.412844 0.149847 0.217125 0.027523 
0.167568 0.016216 0.783784 0.005405 0.027027 
0.349693 0.226994 0.006135 0.337423 0.079755 
0.400844 0.012658 0.544304 0.037975 0.004219 
0.004255 0.974468 0.004255 0.004255 0.012766 
0.576037 0.345622 0.004608 0.004608 0.069124 
0.010101 0.454545 0.010101 0.494949 0.030303 
0.026549 0.539823 0.008850 0.026549 0.398230 
0.007752 0.736434 0.007752 0.007752 0.240310 
0.221757 0.414226 0.029289 0.163180 0.171548 
0.296000 0.344000 0.024000 0.008000 0.328000 
0.177143 0.028571 0.760000 0.028571 0.005714 
0.010753 0.892473 0.032258 0.032258 0.032258 
0.078341 0.705069 0.041475 0.170507 0.004608 
0.577982 0.302752 0.082569 0.009174 0.027523 
0.768707 0.183673 0.006803 0.034014 0.006803 
0.131783 0.348837 0.038760 0.457364 0.023256 
0.041322 0.586777 0.008264 0.107438 0.256198 
0.009174 0.082569 0.100917 0.779817 0.027523 
0.005714 0.531429 0.062857 0.394286 0.005714 
0.086705 0.364162 0.028902 0.341040 0.179191 
0.044025 0.886792 0.006289 0.056604 0.006289 
0.124378 0.024876 0.641791 0.164179 0.044776 
0.008547 0.555556 0.008547 0.008547 0.418803 
0.252033 0.040650 0.186992 0.447154 0.073171 
0.008696 0.600000 0.026087 0.217391 0.147826 
0.219048 0.733333 0.009524 0.009524 0.028571 
0.612903 0.023041 0.235023 0.115207 0.013825 
0.245509 0.005988 0.616766 0.077844 0.053892 
0.024000 0.024000 0.920000 0.024000 0.008000 
0.087719 0.005848 0.789474 0.076023 0.040936 
0.636364 0.018182 0.224242 0.006061 0.115152 
0.102439 0.004878 0.687805 0.121951 0.082927 
0.100592 0.017751 0.834320 0.017751 0.029586 
0.218045 0.067669 0.548872 0.022556 0.142857 
0.076023 0.040936 0.766082 0.005848 0.111111 
0.771044 0.016835 0.003367 0.016835 0.191919 
0.776271 0.044068 0.050847 0.010169 0.118644 
0.519789 0.319261 0.071240 0.087071 0.002639 
0.047382 0.002494 0.840399 0.027431 0.082294 
0.052960 0.021807 0.246106 0.015576 0.663551 
0.010169 0.003390 0.667797 0.003390 0.315254 
0.018868 0.094340 0.811321 0.018868 0.056604 
0.020408 0.061224 0.877551 0.020408 0.020408 
0.316770 0.006211 0.527950 0.080745 0.068323 
0.125581 0.004651 0.693023 0.023256 0.153488 
0.035144 0.003195 0.003195 0.948882 0.009585 
0.004184 0.004184 0.020921 0.924686 0.046025 
0.044674 0.003436 0.003436 0.896907 0.051546 
0.026087 0.026087 0.008696 0.860870 0.078261 
0.134247 0.117808 0.638356 0.008219 0.101370 
0.075075 0.003003 0.903904 0.003003 0.015015 
0.275362 0.072464 0.634783 0.014493 0.002899 
0.372263 0.167883 0.182482 0.240876 0.036496 
0.581538 0.003077 0.378462 0.027692 0.009231 
0.542857 0.085714 0.257143 0.104762 0.009524 
0.016216 0.048649 0.005405 0.924324 0.005405 
0.176471 0.008403 0.764706 0.042017 0.008403 
0.672862 0.026022 0.286245 0.011152 0.003717 
0.015385 0.015385 0.825641 0.005128 0.138462 
0.249267 0.290323 0.337243 0.120235 0.002933 
0.853659 0.063415 0.034146 0.043902 0.004878 
0.510730 0.115880 0.124464 0.236052 0.012876 
0.590698 0.069767 0.051163 0.283721 0.004651 
0.528205 0.056410 0.179487 0.230769 0.005128 
0.046025 0.012552 0.748954 0.079498 0.112971 
0.719626 0.121495 0.015576 0.140187 0.003115 
0.895470 0.003484 0.017422 0.080139 0.003484 
0.251232 0.004926 0.280788 0.142857 0.320197 
0.244240 0.207373 0.059908 0.216590 0.271889 
0.478697 0.017544 0.067669 0.323308 0.112782 
0.515358 0.221843 0.003413 0.146758 0.112628 
0.473684 0.003509 0.017544 0.122807 0.382456 
0.163728 0.007557 0.037783 0.662469 0.128463 
0.303226 0.058065 0.006452 0.625806 0.006452 
0.405995 0.035422 0.160763 0.384196 0.013624 
0.187302 0.015873 0.752381 0.015873 0.028571 
0.498392 0.028939 0.022508 0.446945 0.003215 
0.321534 0.038348 0.014749 0.622419 0.002950 
0.284553 0.040650 0.658537 0.008130 0.008130 
0.065502 0.056769 0.790393 0.013100 0.074236 
0.134328 0.024876 0.830846 0.004975 0.004975 
0.451737 0.081081 0.436293 0.027027 0.003861 
0.248619 0.027624 0.712707 0.005525 0.005525 
0.012987 0.038961 0.896104 0.038961 0.012987 
0.037037 0.037037 0.876543 0.012346 0.037037 
0.654237 0.172881 0.091525 0.071186 0.010169 
0.010753 0.010753 0.655914 0.010753 0.311828 
0.029703 0.069307 0.881188 0.009901 0.009901 
0.033399 0.493124 0.009823 0.001965 0.461690 
0.005076 0.055838 0.593909 0.116751 0.228426 
0.149425 0.011494 0.011494 0.379310 0.448276 
0.028571 0.051429 0.005714 0.097143 0.817143 
0.005181 0.181347 0.005181 0.305699 0.502591 
0.005525 0.093923 0.005525 0.116022 0.779006 
0.002770 0.695291 0.013850 0.185596 0.102493 
0.452229 0.006369 0.231423 0.138004 0.171975 
0.007874 0.102362 0.007874 0.590551 0.291339 
0.002786 0.203343 0.030641 0.075209 0.688022 
0.036855 0.189189 0.002457 0.012285 0.759214 
0.076923 0.002481 0.096774 0.156328 0.667494 
0.012920 0.069767 0.023256 0.240310 0.653747 
0.304348 0.031884 0.072464 0.008696 0.582609 
0.075410 0.022951 0.049180 0.088525 0.763934 
0.128205 0.087179 0.405128 0.005128 0.374359 
0.051793 0.003984 0.904382 0.003984 0.035857 
0.013575 0.239819 0.692308 0.049774 0.004525 
0.155556 0.066667 0.742222 0.031111 0.004444 
0.489362 0.011820 0.470449 0.007092 0.021277 
0.235495 0.085324 0.672355 0.003413 0.003413 
0.050445 0.008902 0.270030 0.655786 0.014837 
0.393586 0.002915 0.521866 0.043732 0.037901 
0.795527 0.009585 0.105431 0.067093 0.022364 
0.325153 0.374233 0.276074 0.006135 0.018405 
0.238938 0.716814 0.008850 0.026549 0.008850 
0.059233 0.094077 0.679443 0.003484 0.163763 
0.482234 0.147208 0.350254 0.005076 0.015228 
0.238095 0.733333 0.009524 0.009524 0.009524 
0.189744 0.035897 0.702564 0.005128 0.066667 
0.137255 0.019608 0.764706 0.019608 0.058824 
0.224335 0.041825 0.634981 0.026616 0.072243 
0.428571 0.038961 0.515152 0.004329 0.012987 
0.163121 0.021277 0.063830 0.702128 0.049645 
0.445255 0.036496 0.226277 0.284672 0.007299 
0.026549 0.008850 0.008850 0.575221 0.380531 
0.378151 0.025210 0.529412 0.058824 0.008403 
0.376147 0.192661 0.302752 0.119266 0.009174 
0.035971 0.007194 0.928058 0.021583 0.007194 
0.009346 0.046729 0.831776 0.009346 0.102804 
0.021277 0.012766 0.880851 0.004255 0.080851 
0.102639 0.014663 0.741935 0.120235 0.020528 
0.020408 0.020408 0.877551 0.061224 0.020408 
0.532710 0.028037 0.383178 0.046729 0.009346 
0.118644 0.084746 0.762712 0.016949 0.016949 
0.020408 0.020408 0.755102 0.020408 0.183673 
0.154639 0.024055 0.780069 0.003436 0.037801 
0.176471 0.026738 0.005348 0.786096 0.005348 
0.296443 0.620553 0.035573 0.011858 0.035573 
0.089655 0.282759 0.103448 0.034483 0.489655 
0.014085 0.070423 0.070423 0.718310 0.126761 
0.130435 0.014493 0.014493 0.826087 0.014493 
0.034146 0.639024 0.004878 0.307317 0.014634 
0.004831 0.004831 0.062802 0.922705 0.004831 
0.021672 0.170279 0.003096 0.777090 0.027864 
0.045936 0.780919 0.003534 0.166078 0.003534 
0.002096 0.777778 0.023061 0.119497 0.077568 
0.031447 0.731656 0.006289 0.153040 0.077568 
0.003096 0.900929 0.003096 0.065015 0.027864 
0.435407 0.062201 0.033493 0.435407 0.033493 
0.006211 0.155280 0.006211 0.826087 0.006211 
0.009646 0.003215 0.003215 0.974277 0.009646 
0.025641 0.097436 0.035897 0.815385 0.025641 
0.007194 0.021583 0.179856 0.741007 0.050360 
0.191919 0.111111 0.616162 0.070707 0.010101 
0.008547 0.094017 0.008547 0.880342 0.008547 
0.008403 0.008403 0.109244 0.865546 0.008403 
0.007092 0.007092 0.007092 0.971631 0.007092 
0.007752 0.038760 0.007752 0.937984 0.007752 
0.052023 0.121387 0.017341 0.791908 0.017341 
0.574553 0.041750 0.025845 0.145129 0.212724 
0.006211 0.031056 0.006211 0.950311 0.006211 
0.007752 0.023256 0.007752 0.953488 0.007752 
0.009174 0.192661 0.009174 0.779817 0.009174 
0.140065 0.335505 0.140065 0.381107 0.003257 
0.021898 0.065693 0.021898 0.868613 0.021898 
0.034483 0.356322 0.011494 0.494253 0.103448 
0.009524 0.142857 0.085714 0.638095 0.123810 
0.009346 0.028037 0.046729 0.906542 0.009346 
0.012658 0.002532 0.017722 0.959494 0.007595 
0.567568 0.113514 0.048649 0.221622 0.048649 
0.569845 0.192905 0.210643 0.024390 0.002217 
0.572093 0.302326 0.116279 0.004651 0.004651 
0.023256 0.023256 0.069767 0.860465 0.023256 
0.006711 0.020134 0.959732 0.006711 0.006711 
0.035176 0.025126 0.909548 0.015075 0.015075 
0.016949 0.005650 0.853107 0.118644 0.005650 
0.135314 0.003300 0.801980 0.042904 0.016502 
0.113514 0.059459 0.762162 0.037838 0.027027 
0.092537 0.038806 0.844776 0.014925 0.008955 
0.142857 0.025761 0.747073 0.081967 0.002342 
0.019108 0.006369 0.961783 0.006369 0.006369 
0.463602 0.003831 0.042146 0.356322 0.134100 
0.067616 0.032028 0.772242 0.088968 0.039146 
0.002545 0.012723 0.979644 0.002545 0.002545 
0.002833 0.042493 0.886686 0.059490 0.008499 
0.016575 0.237569 0.635359 0.104972 0.005525 
0.026087 0.008696 0.895652 0.026087 0.043478 
0.002653 0.018568 0.771883 0.204244 0.002653 
0.002571 0.002571 0.722365 0.002571 0.269923 
0.003584 0.225806 0.677419 0.089606 0.003584 
0.547511 0.004525 0.402715 0.004525 0.040724 
0.149606 0.055118 0.637795 0.086614 0.070866 
0.661376 0.111111 0.121693 0.026455 0.079365 
0.172414 0.083744 0.714286 0.004926 0.024631 
0.081967 0.003279 0.888525 0.003279 0.022951 
0.092896 0.005464 0.890710 0.005464 0.005464 
0.325779 0.019830 0.631728 0.008499 0.014164 
0.003460 0.176471 0.003460 0.674740 0.141869 
0.640816 0.240816 0.004082 0.004082 0.110204 
0.005917 0.183432 0.005917 0.727811 0.076923 
0.018767 0.544236 0.002681 0.399464 0.034853 
0.079179 0.612903 0.014663 0.079179 0.214076 
0.029586 0.597633 0.065089 0.147929 0.159763 
0.003610 0.032491 0.357401 0.494585 0.111913 
0.081967 0.016393 0.639344 0.245902 0.016393 
0.036496 0.036496 0.007299 0.751825 0.167883 
0.612648 0.003953 0.019763 0.272727 0.090909 
0.464883 0.491639 0.003344 0.036789 0.003344 
0.004115 0.061728 0.004115 0.827160 0.102881 
0.044534 0.546559 0.004049 0.400810 0.004049 
0.080906 0.572816 0.003236 0.326861 0.016181 
0.153374 0.447853 0.092025 0.018405 0.288344 
0.086705 0.248555 0.005780 0.618497 0.040462 
0.008547 0.230769 0.008547 0.641026 0.111111 
0.089362 0.812766 0.012766 0.080851 0.004255 
0.313373 0.121756 0.021956 0.189621 0.353293 
